
 Number of nodes:      36
 Number of variables:   7
 Number of constants:   9


 ------------------------
 | Variables table:   7 |
 ------------------------
 |    id |         name |
 ------------------------
 | 00000 |            x |
 | 00001 |            p |
 | 00002 |            y |
 | 00003 |            q |
 | 00004 |            z |
 | 00005 |            r |
 | 00006 |            t |
 ------------------------


 ------------------------
 | Oprations table:  13 |
 ------------------------
 |    id |         name |
 ------------------------
 | 00000 |          sum |
 | 00001 |          sub |
 | 00002 |          div |
 | 00003 |          mul |
 | 00004 |          pow |
 | 00005 |          sin |
 | 00006 |          cos |
 | 00007 |          tan |
 | 00008 |         sinh |
 | 00009 |         cosh |
 | 00010 |         tanh |
 | 00011 |          exp |
 | 00012 |          log |
 ------------------------


 ------------------------
 | Constants table:   9 |
 ------------------------
 |    id |        value |
 ------------------------
 | 00000 |     -1.00000 |
 | 00001 |    +56.00000 |
 | 00002 |    +34.00000 |
 | 00003 |    +75.00000 |
 | 00004 |     +2.00000 |
 | 00005 |     +5.00000 |
 | 00006 |    +45.00000 |
 | 00007 |    +43.00000 |
 | 00008 |    +46.00000 |
 ------------------------


 -------------------------------------
 |            MEP Table              |
 ------------------------------------- 
 |   line |    op. |  addr1 |  addr2 | 
 ------------------------------------- 
 | +00000 | +00000 | -00001 | -00001 |
 | +00001 | +00002 | -00001 | -00001 |
 | +00002 | +00004 | -00001 | -00001 |
 | +00003 | +00006 | -00001 | -00001 |
 | +00004 | +00000 | -00001 | -00001 |
 | +00005 | +00002 | -00001 | -00001 |
 | +00006 | +00004 | -00001 | -00001 |
 | +00007 | +00007 | -00001 | -00001 |
 | +00008 | +00008 | -00001 | -00001 |
 | +00009 | +00009 | -00001 | -00001 |
 | +00010 | +00010 | -00001 | -00001 |
 | +00011 | +00011 | -00001 | -00001 |
 | +00012 | +00012 | -00001 | -00001 |
 | +00013 | +00013 | -00001 | -00001 |
 | +00014 | +00014 | -00001 | -00001 |
 | +00015 | +00015 | -00001 | -00001 |
 | +00016 | -00004 | +00008 | +00016 |
 | +00017 | -00004 | +00000 | +00017 |
 | +00018 | -00005 | +00011 | +00018 |
 | +00019 | -00005 | +00012 | +00019 |
 | +00020 | -00003 | +00014 | +00020 |
 | +00021 | -00008 | +00021 | -00001 |
 | +00022 | -00011 | +00022 | -00001 |
 | +00023 | -00005 | +00015 | +00023 |
 | +00024 | -00009 | +00024 | -00001 |
 | +00025 | -00004 | +00009 | +00025 |
 | +00026 | -00006 | +00026 | -00001 |
 | +00027 | -00010 | +00027 | -00001 |
 | +00028 | -00001 | +00010 | +00028 |
 | +00029 | -00005 | +00003 | +00029 |
 | +00030 | -00004 | +00005 | +00030 |
 | +00031 | -00001 | +00001 | +00031 |
 | +00032 | -00004 | +00013 | +00032 |
 | +00033 | -00002 | +00002 | +00033 |
 | +00034 | -00001 | +00004 | +00034 |
 | +00035 | -00001 | +00006 | +00035 |
 ------------------------------------- 
